  logg    Teff     ZR    y1(CHEOPS)    
  logg    Teff     ZR    y2(CHEOPS)    
  3.00    2300.   0.0000   2.0805
  3.00    2300.   0.0000   0.0382
  3.00    2400.   0.0000   2.1244
  3.00    2400.   0.0000   0.0307
  3.00    2500.   0.0000   2.0920
  3.00    2500.   0.0000   0.0288
  3.00    2600.   0.0000   1.9498
  3.00    2600.   0.0000   0.0468
  3.00    2700.   0.0000   1.7924
  3.00    2700.   0.0000   0.0777
  3.00    2900.   0.0000   1.7324
  3.00    2900.   0.0000   0.1313
  3.00    3100.   0.0000   1.7136
  3.00    3100.   0.0000   0.1576
  3.00    3200.   0.0000   1.7348
  3.00    3200.   0.0000   0.1637
  3.00    3300.   0.0000   1.9148
  3.00    3300.   0.0000   0.1575
  3.00    3400.   0.0000   2.1612
  3.00    3400.   0.0000   0.1124
  3.00    3500.   0.0000   2.3197
  3.00    3500.   0.0000   0.0835
  3.00    3600.   0.0000   2.3855
  3.00    3600.   0.0000   0.0356
  3.00    3700.   0.0000   2.2756
  3.00    3700.   0.0000   0.0072
  3.00    3800.   0.0000   2.1099
  3.00    3800.   0.0000  -0.0066
  3.00    3900.   0.0000   1.9210
  3.00    3900.   0.0000  -0.0075
  3.00    4000.   0.0000   1.7740
  3.00    4000.   0.0000  -0.0046
  3.00    4100.   0.0000   1.7210
  3.00    4100.   0.0000  -0.0041
  3.00    4200.   0.0000   1.6676
  3.00    4200.   0.0000  -0.0085
  3.00    4300.   0.0000   1.5650
  3.00    4300.   0.0000  -0.0099
  3.00    4400.   0.0000   1.5030
  3.00    4400.   0.0000  -0.0014
  3.00    4500.   0.0000   1.4730
  3.00    4500.   0.0000  -0.0032
  3.00    4600.   0.0000   1.4057
  3.00    4600.   0.0000   0.0001
  3.00    4700.   0.0000   1.3702
  3.00    4700.   0.0000   0.0084
  3.00    4800.   0.0000   1.3674
  3.00    4800.   0.0000   0.0093
  3.00    4900.   0.0000   1.3032
  3.00    4900.   0.0000   0.0005
  3.00    5100.   0.0000   1.2677
  3.00    5100.   0.0000   0.0031
  3.00    5200.   0.0000   1.2275
  3.00    5200.   0.0000   0.0002
  3.00    5300.   0.0000   1.2308
  3.00    5300.   0.0000  -0.0005
  3.00    5400.   0.0000   1.1894
  3.00    5400.   0.0000  -0.0104
  3.00    5500.   0.0000   1.1700
  3.00    5500.   0.0000   0.0081
  3.00    5600.   0.0000   1.1827
  3.00    5600.   0.0000  -0.0033
  3.00    5700.   0.0000   1.1666
  3.00    5700.   0.0000  -0.0027
  3.00    5800.   0.0000   1.1472
  3.00    5800.   0.0000  -0.0190
  3.00    5900.   0.0000   1.1333
  3.00    5900.   0.0000  -0.0033
  3.00    6000.   0.0000   1.1429
  3.00    6000.   0.0000  -0.0084
  3.00    6100.   0.0000   1.0969
  3.00    6100.   0.0000  -0.0028
  3.00    6200.   0.0000   1.0781
  3.00    6200.   0.0000   0.0014
  3.00    6300.   0.0000   1.0607
  3.00    6300.   0.0000  -0.0014
  3.00    6400.   0.0000   1.0456
  3.00    6400.   0.0000  -0.0023
  3.00    6500.   0.0000   1.0553
  3.00    6500.   0.0000   0.0046
  3.00    6600.   0.0000   1.0288
  3.00    6600.   0.0000  -0.0061
  3.00    6700.   0.0000   1.0359
  3.00    6700.   0.0000   0.0061
  3.00    6800.   0.0000   1.1045
  3.00    6800.   0.0000   0.0067
  3.00    6900.   0.0000   1.0636
  3.00    6900.   0.0000  -0.0231
  3.00    7000.   0.0000   1.0415
  3.00    7000.   0.0000  -0.0170
  3.00    7200.   0.0000   1.0070
  3.00    7200.   0.0000  -0.0210
  3.00    7400.   0.0000   0.9467
  3.00    7400.   0.0000  -0.0181
  3.00    7600.   0.0000   0.9004
  3.00    7600.   0.0000  -0.0067
  3.00    7800.   0.0000   0.8457
  3.00    7800.   0.0000  -0.0286
  3.00    8000.   0.0000   0.8038
  3.00    8000.   0.0000  -0.0108
  3.00    8200.   0.0000   0.7677
  3.00    8200.   0.0000  -0.0140
  3.00    8400.   0.0000   0.7435
  3.00    8400.   0.0000  -0.0156
  3.00    8600.   0.0000   0.7033
  3.00    8600.   0.0000  -0.0119
  3.00    8800.   0.0000   0.6668
  3.00    8800.   0.0000  -0.0102
  3.00    9000.   0.0000   0.6423
  3.00    9000.   0.0000  -0.0101
  3.00    9200.   0.0000   0.6220
  3.00    9200.   0.0000  -0.0103
  3.00    9400.   0.0000   0.6010
  3.00    9400.   0.0000  -0.0097
  3.00    9600.   0.0000   0.5867
  3.00    9600.   0.0000  -0.0089
  3.00    9800.   0.0000   0.5819
  3.00    9800.   0.0000  -0.0068
  3.00   10000.   0.0000   0.5740
  3.00   10000.   0.0000  -0.0070
  3.00   10200.   0.0000   0.5655
  3.00   10200.   0.0000  -0.0071
  3.00   10400.   0.0000   0.5563
  3.00   10400.   0.0000  -0.0073
  3.00   10600.   0.0000   0.5477
  3.00   10600.   0.0000  -0.0071
  3.00   10800.   0.0000   0.5404
  3.00   10800.   0.0000  -0.0070
  3.00   11000.   0.0000   0.5306
  3.00   11000.   0.0000  -0.0068
  3.00   11200.   0.0000   0.5214
  3.00   11200.   0.0000  -0.0065
  3.00   11400.   0.0000   0.5094
  3.00   11400.   0.0000  -0.0182
  3.00   11600.   0.0000   0.5013
  3.00   11600.   0.0000  -0.0139
  3.00   11800.   0.0000   0.4956
  3.00   11800.   0.0000  -0.0019
  3.00   12000.   0.0000   0.4846
  3.00   12000.   0.0000  -0.0020
  3.50    2300.   0.0000   1.8422
  3.50    2300.   0.0000   0.0816
  3.50    2400.   0.0000   2.0066
  3.50    2400.   0.0000   0.0369
  3.50    2500.   0.0000   2.1039
  3.50    2500.   0.0000   0.0228
  3.50    2600.   0.0000   2.0759
  3.50    2600.   0.0000   0.0274
  3.50    2700.   0.0000   1.9683
  3.50    2700.   0.0000   0.0413
  3.50    2900.   0.0000   1.8773
  3.50    2900.   0.0000   0.0763
  3.50    3100.   0.0000   1.8071
  3.50    3100.   0.0000   0.1005
  3.50    3200.   0.0000   1.7588
  3.50    3200.   0.0000   0.1080
  3.50    3300.   0.0000   1.7655
  3.50    3300.   0.0000   0.1111
  3.50    3400.   0.0000   1.8942
  3.50    3400.   0.0000   0.0964
  3.50    3500.   0.0000   2.0025
  3.50    3500.   0.0000   0.0760
  3.50    3600.   0.0000   2.0455
  3.50    3600.   0.0000   0.0472
  3.50    3700.   0.0000   2.0448
  3.50    3700.   0.0000   0.0210
  3.50    3800.   0.0000   1.9887
  3.50    3800.   0.0000   0.0027
  3.50    3900.   0.0000   1.8924
  3.50    3900.   0.0000  -0.0086
  3.50    4000.   0.0000   1.7861
  3.50    4000.   0.0000  -0.0095
  3.50    4100.   0.0000   1.7110
  3.50    4100.   0.0000  -0.0078
  3.50    4200.   0.0000   1.6457
  3.50    4200.   0.0000  -0.0090
  3.50    4300.   0.0000   1.5975
  3.50    4300.   0.0000  -0.0093
  3.50    4400.   0.0000   1.5380
  3.50    4400.   0.0000  -0.0056
  3.50    4500.   0.0000   1.4844
  3.50    4500.   0.0000  -0.0049
  3.50    4600.   0.0000   1.4568
  3.50    4600.   0.0000  -0.0035
  3.50    4700.   0.0000   1.4106
  3.50    4700.   0.0000  -0.0011
  3.50    4800.   0.0000   1.3396
  3.50    4800.   0.0000  -0.0008
  3.50    4900.   0.0000   1.2790
  3.50    4900.   0.0000  -0.0012
  3.50    5100.   0.0000   1.2609
  3.50    5100.   0.0000  -0.0047
  3.50    5200.   0.0000   1.2228
  3.50    5200.   0.0000  -0.0037
  3.50    5300.   0.0000   1.1867
  3.50    5300.   0.0000  -0.0024
  3.50    5400.   0.0000   1.2255
  3.50    5400.   0.0000  -0.0047
  3.50    5500.   0.0000   1.2035
  3.50    5500.   0.0000  -0.0016
  3.50    5600.   0.0000   1.1328
  3.50    5600.   0.0000  -0.0034
  3.50    5700.   0.0000   1.0940
  3.50    5700.   0.0000  -0.0033
  3.50    5800.   0.0000   1.1398
  3.50    5800.   0.0000  -0.0054
  3.50    5900.   0.0000   1.1739
  3.50    5900.   0.0000  -0.0044
  3.50    6000.   0.0000   1.1226
  3.50    6000.   0.0000  -0.0064
  3.50    6100.   0.0000   1.1291
  3.50    6100.   0.0000  -0.0095
  3.50    6200.   0.0000   1.0965
  3.50    6200.   0.0000  -0.0089
  3.50    6300.   0.0000   1.0509
  3.50    6300.   0.0000  -0.0069
  3.50    6400.   0.0000   1.0732
  3.50    6400.   0.0000  -0.0074
  3.50    6500.   0.0000   1.0345
  3.50    6500.   0.0000  -0.0068
  3.50    6600.   0.0000   1.0315
  3.50    6600.   0.0000  -0.0080
  3.50    6700.   0.0000   1.0874
  3.50    6700.   0.0000  -0.0078
  3.50    6800.   0.0000   0.9334
  3.50    6800.   0.0000  -0.0101
  3.50    6900.   0.0000   0.9250
  3.50    6900.   0.0000  -0.0136
  3.50    7000.   0.0000   1.0370
  3.50    7000.   0.0000  -0.0144
  3.50    7200.   0.0000   0.9935
  3.50    7200.   0.0000  -0.0170
  3.50    7400.   0.0000   0.9517
  3.50    7400.   0.0000  -0.0184
  3.50    7600.   0.0000   0.8710
  3.50    7600.   0.0000  -0.0294
  3.50    7800.   0.0000   0.8729
  3.50    7800.   0.0000  -0.0187
  3.50    8000.   0.0000   0.8640
  3.50    8000.   0.0000  -0.0156
  3.50    8200.   0.0000   0.7708
  3.50    8200.   0.0000  -0.0124
  3.50    8400.   0.0000   0.7487
  3.50    8400.   0.0000  -0.0098
  3.50    8600.   0.0000   0.7138
  3.50    8600.   0.0000  -0.0128
  3.50    8800.   0.0000   0.6776
  3.50    8800.   0.0000  -0.0118
  3.50    9000.   0.0000   0.6449
  3.50    9000.   0.0000  -0.0111
  3.50    9200.   0.0000   0.6245
  3.50    9200.   0.0000  -0.0109
  3.50    9400.   0.0000   0.6085
  3.50    9400.   0.0000  -0.0107
  3.50    9600.   0.0000   0.5996
  3.50    9600.   0.0000  -0.0100
  3.50    9800.   0.0000   0.5894
  3.50    9800.   0.0000  -0.0099
  3.50   10000.   0.0000   0.5738
  3.50   10000.   0.0000  -0.0097
  3.50   10200.   0.0000   0.5649
  3.50   10200.   0.0000  -0.0097
  3.50   10400.   0.0000   0.5568
  3.50   10400.   0.0000  -0.0097
  3.50   10600.   0.0000   0.5494
  3.50   10600.   0.0000  -0.0096
  3.50   10800.   0.0000   0.5417
  3.50   10800.   0.0000  -0.0095
  3.50   11000.   0.0000   0.5332
  3.50   11000.   0.0000  -0.0094
  3.50   11200.   0.0000   0.4768
  3.50   11200.   0.0000  -0.0093
  3.50   11400.   0.0000   0.4680
  3.50   11400.   0.0000  -0.0092
  3.50   11600.   0.0000   0.5579
  3.50   11600.   0.0000  -0.0120
  3.50   11800.   0.0000   0.5480
  3.50   11800.   0.0000  -0.0119
  3.50   12000.   0.0000   0.4361
  3.50   12000.   0.0000  -0.0116
  4.00    2300.   0.0000   1.2674
  4.00    2300.   0.0000   0.1433
  4.00    2400.   0.0000   1.7182
  4.00    2400.   0.0000   0.0595
  4.00    2500.   0.0000   2.0234
  4.00    2500.   0.0000   0.0205
  4.00    2600.   0.0000   2.0883
  4.00    2600.   0.0000   0.0114
  4.00    2700.   0.0000   2.0506
  4.00    2700.   0.0000   0.0162
  4.00    2900.   0.0000   1.9791
  4.00    2900.   0.0000   0.0338
  4.00    3100.   0.0000   1.8984
  4.00    3100.   0.0000   0.0545
  4.00    3200.   0.0000   1.8324
  4.00    3200.   0.0000   0.0615
  4.00    3300.   0.0000   1.8047
  4.00    3300.   0.0000   0.0685
  4.00    3400.   0.0000   1.8174
  4.00    3400.   0.0000   0.0685
  4.00    3500.   0.0000   1.8251
  4.00    3500.   0.0000   0.0578
  4.00    3600.   0.0000   1.8156
  4.00    3600.   0.0000   0.0447
  4.00    3700.   0.0000   1.8013
  4.00    3700.   0.0000   0.0271
  4.00    3800.   0.0000   1.7868
  4.00    3800.   0.0000   0.0106
  4.00    3900.   0.0000   1.7839
  4.00    3900.   0.0000  -0.0035
  4.00    4000.   0.0000   1.7825
  4.00    4000.   0.0000  -0.0115
  4.00    4100.   0.0000   1.7276
  4.00    4100.   0.0000  -0.0136
  4.00    4200.   0.0000   1.6500
  4.00    4200.   0.0000  -0.0138
  4.00    4300.   0.0000   1.6069
  4.00    4300.   0.0000  -0.0118
  4.00    4400.   0.0000   1.5590
  4.00    4400.   0.0000  -0.0092
  4.00    4500.   0.0000   1.5000
  4.00    4500.   0.0000  -0.0075
  4.00    4600.   0.0000   1.4562
  4.00    4600.   0.0000  -0.0068
  4.00    4700.   0.0000   1.4067
  4.00    4700.   0.0000  -0.0064
  4.00    4800.   0.0000   1.3657
  4.00    4800.   0.0000  -0.0064
  4.00    4900.   0.0000   1.2656
  4.00    4900.   0.0000  -0.0036
  4.00    5100.   0.0000   1.2434
  4.00    5100.   0.0000  -0.0049
  4.00    5200.   0.0000   1.2631
  4.00    5200.   0.0000  -0.0043
  4.00    5300.   0.0000   1.2150
  4.00    5300.   0.0000  -0.0031
  4.00    5400.   0.0000   1.2004
  4.00    5400.   0.0000  -0.0029
  4.00    5500.   0.0000   1.1915
  4.00    5500.   0.0000  -0.0068
  4.00    5600.   0.0000   1.1564
  4.00    5600.   0.0000  -0.0054
  4.00    5700.   0.0000   1.1333
  4.00    5700.   0.0000  -0.0049
  4.00    5800.   0.0000   1.1289
  4.00    5800.   0.0000  -0.0057
  4.00    5900.   0.0000   1.1157
  4.00    5900.   0.0000  -0.0150
  4.00    6000.   0.0000   1.0537
  4.00    6000.   0.0000  -0.0110
  4.00    6100.   0.0000   1.0533
  4.00    6100.   0.0000  -0.0128
  4.00    6200.   0.0000   1.1258
  4.00    6200.   0.0000  -0.0146
  4.00    6300.   0.0000   1.0888
  4.00    6300.   0.0000  -0.0174
  4.00    6400.   0.0000   1.0465
  4.00    6400.   0.0000  -0.0152
  4.00    6500.   0.0000   1.0431
  4.00    6500.   0.0000  -0.0192
  4.00    6600.   0.0000   1.0101
  4.00    6600.   0.0000  -0.0165
  4.00    6700.   0.0000   0.9951
  4.00    6700.   0.0000  -0.0191
  4.00    6800.   0.0000   0.9919
  4.00    6800.   0.0000  -0.0212
  4.00    6900.   0.0000   0.9795
  4.00    6900.   0.0000  -0.0167
  4.00    7000.   0.0000   0.9950
  4.00    7000.   0.0000  -0.0191
  4.00    7200.   0.0000   0.9648
  4.00    7200.   0.0000  -0.0222
  4.00    7400.   0.0000   0.8141
  4.00    7400.   0.0000  -0.0303
  4.00    7600.   0.0000   0.8978
  4.00    7600.   0.0000  -0.0227
  4.00    7800.   0.0000   1.0008
  4.00    7800.   0.0000  -0.0177
  4.00    8000.   0.0000   0.8759
  4.00    8000.   0.0000  -0.0205
  4.00    8200.   0.0000   0.8371
  4.00    8200.   0.0000  -0.0177
  4.00    8400.   0.0000   0.7390
  4.00    8400.   0.0000  -0.0148
  4.00    8600.   0.0000   0.6778
  4.00    8600.   0.0000  -0.0125
  4.00    8800.   0.0000   0.6881
  4.00    8800.   0.0000  -0.0122
  4.00    9000.   0.0000   0.6543
  4.00    9000.   0.0000  -0.0125
  4.00    9200.   0.0000   0.6271
  4.00    9200.   0.0000  -0.0118
  4.00    9400.   0.0000   0.6121
  4.00    9400.   0.0000  -0.0115
  4.00    9600.   0.0000   0.5980
  4.00    9600.   0.0000  -0.0099
  4.00    9800.   0.0000   0.5862
  4.00    9800.   0.0000  -0.0115
  4.00   10000.   0.0000   0.5771
  4.00   10000.   0.0000  -0.0114
  4.00   10200.   0.0000   0.5664
  4.00   10200.   0.0000  -0.0113
  4.00   10400.   0.0000   0.5579
  4.00   10400.   0.0000  -0.0113
  4.00   10600.   0.0000   0.5502
  4.00   10600.   0.0000  -0.0113
  4.00   10800.   0.0000   0.5422
  4.00   10800.   0.0000  -0.0113
  4.00   11000.   0.0000   0.5336
  4.00   11000.   0.0000  -0.0114
  4.00   11200.   0.0000   0.5258
  4.00   11200.   0.0000  -0.0114
  4.00   11400.   0.0000   0.4648
  4.00   11400.   0.0000  -0.0084
  4.00   11600.   0.0000   0.4563
  4.00   11600.   0.0000  -0.0084
  4.00   11800.   0.0000   0.5023
  4.00   11800.   0.0000  -0.0113
  4.00   12000.   0.0000   0.4930
  4.00   12000.   0.0000  -0.0111
  4.50    2300.   0.0000   0.4105
  4.50    2300.   0.0000   0.1535
  4.50    2400.   0.0000   1.1591
  4.50    2400.   0.0000   0.1362
  4.50    2500.   0.0000   1.7579
  4.50    2500.   0.0000   0.0338
  4.50    2600.   0.0000   2.0435
  4.50    2600.   0.0000   0.0091
  4.50    2700.   0.0000   2.0867
  4.50    2700.   0.0000   0.0085
  4.50    2900.   0.0000   2.0367
  4.50    2900.   0.0000   0.0114
  4.50    3100.   0.0000   1.9691
  4.50    3100.   0.0000   0.0272
  4.50    3200.   0.0000   1.8885
  4.50    3200.   0.0000   0.0322
  4.50    3300.   0.0000   1.8312
  4.50    3300.   0.0000   0.0381
  4.50    3400.   0.0000   1.7895
  4.50    3400.   0.0000   0.0371
  4.50    3500.   0.0000   1.7633
  4.50    3500.   0.0000   0.0330
  4.50    3600.   0.0000   1.7274
  4.50    3600.   0.0000   0.0274
  4.50    3700.   0.0000   1.6818
  4.50    3700.   0.0000   0.0202
  4.50    3800.   0.0000   1.6541
  4.50    3800.   0.0000   0.0119
  4.50    3900.   0.0000   1.6443
  4.50    3900.   0.0000   0.0030
  4.50    4000.   0.0000   1.6699
  4.50    4000.   0.0000  -0.0070
  4.50    4100.   0.0000   1.6831
  4.50    4100.   0.0000  -0.0151
  4.50    4200.   0.0000   1.6667
  4.50    4200.   0.0000  -0.0201
  4.50    4300.   0.0000   1.6552
  4.50    4300.   0.0000  -0.0187
  4.50    4400.   0.0000   1.5927
  4.50    4400.   0.0000  -0.0174
  4.50    4500.   0.0000   1.5156
  4.50    4500.   0.0000  -0.0142
  4.50    4600.   0.0000   1.4723
  4.50    4600.   0.0000  -0.0107
  4.50    4700.   0.0000   1.4164
  4.50    4700.   0.0000  -0.0091
  4.50    4800.   0.0000   1.3772
  4.50    4800.   0.0000  -0.0065
  4.50    4900.   0.0000   1.2929
  4.50    4900.   0.0000  -0.0056
  4.50    5100.   0.0000   1.2542
  4.50    5100.   0.0000  -0.0043
  4.50    5200.   0.0000   1.2499
  4.50    5200.   0.0000  -0.0047
  4.50    5300.   0.0000   1.2089
  4.50    5300.   0.0000  -0.0034
  4.50    5400.   0.0000   1.1671
  4.50    5400.   0.0000  -0.0034
  4.50    5500.   0.0000   1.1634
  4.50    5500.   0.0000  -0.0041
  4.50    5600.   0.0000   1.1648
  4.50    5600.   0.0000  -0.0081
  4.50    5700.   0.0000   1.0888
  4.50    5700.   0.0000  -0.0086
  4.50    5800.   0.0000   0.9702
  4.50    5800.   0.0000  -0.0098
  4.50    5900.   0.0000   1.0844
  4.50    5900.   0.0000  -0.0109
  4.50    6000.   0.0000   1.1619
  4.50    6000.   0.0000  -0.0123
  4.50    6100.   0.0000   1.0650
  4.50    6100.   0.0000  -0.0155
  4.50    6200.   0.0000   1.0138
  4.50    6200.   0.0000  -0.0172
  4.50    6300.   0.0000   1.0402
  4.50    6300.   0.0000  -0.0161
  4.50    6400.   0.0000   1.0393
  4.50    6400.   0.0000  -0.0169
  4.50    6500.   0.0000   1.0102
  4.50    6500.   0.0000  -0.0185
  4.50    6600.   0.0000   1.0334
  4.50    6600.   0.0000  -0.0192
  4.50    6700.   0.0000   0.9975
  4.50    6700.   0.0000  -0.0195
  4.50    6800.   0.0000   0.9804
  4.50    6800.   0.0000  -0.0202
  4.50    6900.   0.0000   0.9656
  4.50    6900.   0.0000  -0.0207
  4.50    7000.   0.0000   0.9629
  4.50    7000.   0.0000  -0.0209
  4.50    7200.   0.0000   0.8781
  4.50    7200.   0.0000  -0.0239
  4.50    7400.   0.0000   0.9465
  4.50    7400.   0.0000  -0.0234
  4.50    7600.   0.0000   1.0085
  4.50    7600.   0.0000  -0.0131
  4.50    7800.   0.0000   0.8970
  4.50    7800.   0.0000  -0.0219
  4.50    8000.   0.0000   0.8644
  4.50    8000.   0.0000  -0.0230
  4.50    8200.   0.0000   0.8387
  4.50    8200.   0.0000  -0.0230
  4.50    8400.   0.0000   0.8110
  4.50    8400.   0.0000  -0.0229
  4.50    8600.   0.0000   0.7454
  4.50    8600.   0.0000  -0.0170
  4.50    8800.   0.0000   0.6772
  4.50    8800.   0.0000  -0.0148
  4.50    9000.   0.0000   0.6501
  4.50    9000.   0.0000  -0.0131
  4.50    9200.   0.0000   0.6379
  4.50    9200.   0.0000  -0.0124
  4.50    9400.   0.0000   0.6348
  4.50    9400.   0.0000  -0.0126
  4.50    9600.   0.0000   0.5995
  4.50    9600.   0.0000  -0.0122
  4.50    9800.   0.0000   0.5685
  4.50    9800.   0.0000  -0.0118
  4.50   10000.   0.0000   0.5768
  4.50   10000.   0.0000  -0.0117
  4.50   10200.   0.0000   0.5659
  4.50   10200.   0.0000  -0.0117
  4.50   10400.   0.0000   0.5569
  4.50   10400.   0.0000  -0.0117
  4.50   10600.   0.0000   0.5488
  4.50   10600.   0.0000  -0.0117
  4.50   10800.   0.0000   0.5411
  4.50   10800.   0.0000  -0.0118
  4.50   11000.   0.0000   0.5328
  4.50   11000.   0.0000  -0.0119
  4.50   11200.   0.0000   0.5251
  4.50   11200.   0.0000  -0.0120
  4.50   11400.   0.0000   0.5173
  4.50   11400.   0.0000  -0.0123
  4.50   11600.   0.0000   0.5095
  4.50   11600.   0.0000  -0.0128
  4.50   11800.   0.0000   0.5022
  4.50   11800.   0.0000  -0.0128
  4.50   12000.   0.0000   0.4944
  4.50   12000.   0.0000  -0.0127
  5.00    2300.   0.0000   1.6496
  5.00    2300.   0.0000   0.1357
  5.00    2400.   0.0000   0.8915
  5.00    2400.   0.0000   0.1600
  5.00    2500.   0.0000   1.1089
  5.00    2500.   0.0000   0.1003
  5.00    2600.   0.0000   1.8995
  5.00    2600.   0.0000   0.0279
  5.00    2700.   0.0000   2.0632
  5.00    2700.   0.0000   0.0082
  5.00    2900.   0.0000   2.0566
  5.00    2900.   0.0000  -0.0001
  5.00    3100.   0.0000   2.0198
  5.00    3100.   0.0000   0.0114
  5.00    3200.   0.0000   1.9326
  5.00    3200.   0.0000   0.0153
  5.00    3300.   0.0000   1.8518
  5.00    3300.   0.0000   0.0192
  5.00    3400.   0.0000   1.7679
  5.00    3400.   0.0000   0.0191
  5.00    3500.   0.0000   1.7267
  5.00    3500.   0.0000   0.0163
  5.00    3600.   0.0000   1.6836
  5.00    3600.   0.0000   0.0120
  5.00    3700.   0.0000   1.6361
  5.00    3700.   0.0000   0.0086
  5.00    3800.   0.0000   1.5984
  5.00    3800.   0.0000   0.0056
  5.00    3900.   0.0000   1.5724
  5.00    3900.   0.0000   0.0014
  5.00    4000.   0.0000   1.5735
  5.00    4000.   0.0000  -0.0028
  5.00    4100.   0.0000   1.5726
  5.00    4100.   0.0000  -0.0102
  5.00    4200.   0.0000   1.6071
  5.00    4200.   0.0000  -0.0155
  5.00    4300.   0.0000   1.6401
  5.00    4300.   0.0000  -0.0194
  5.00    4400.   0.0000   1.6159
  5.00    4400.   0.0000  -0.0230
  5.00    4500.   0.0000   1.5870
  5.00    4500.   0.0000  -0.0201
  5.00    4600.   0.0000   1.5229
  5.00    4600.   0.0000  -0.0171
  5.00    4700.   0.0000   1.4637
  5.00    4700.   0.0000  -0.0130
  5.00    4800.   0.0000   1.4140
  5.00    4800.   0.0000  -0.0086
  5.00    4900.   0.0000   1.2867
  5.00    4900.   0.0000  -0.0074
  5.00    5100.   0.0000   1.2528
  5.00    5100.   0.0000  -0.0045
  5.00    5200.   0.0000   1.2759
  5.00    5200.   0.0000  -0.0041
  5.00    5300.   0.0000   1.2345
  5.00    5300.   0.0000  -0.0052
  5.00    5400.   0.0000   1.1900
  5.00    5400.   0.0000  -0.0056
  5.00    5500.   0.0000   1.1167
  5.00    5500.   0.0000  -0.0065
  5.00    5600.   0.0000   1.0834
  5.00    5600.   0.0000  -0.0064
  5.00    5700.   0.0000   1.1051
  5.00    5700.   0.0000  -0.0076
  5.00    5800.   0.0000   1.0913
  5.00    5800.   0.0000  -0.0057
  5.00    5900.   0.0000   1.0735
  5.00    5900.   0.0000  -0.0081
  5.00    6000.   0.0000   0.9732
  5.00    6000.   0.0000  -0.0072
  5.00    6100.   0.0000   0.9681
  5.00    6100.   0.0000  -0.0080
  5.00    6200.   0.0000   1.1157
  5.00    6200.   0.0000  -0.0097
  5.00    6300.   0.0000   1.0930
  5.00    6300.   0.0000  -0.0161
  5.00    6400.   0.0000   1.0027
  5.00    6400.   0.0000  -0.0152
  5.00    6500.   0.0000   1.0004
  5.00    6500.   0.0000  -0.0183
  5.00    6600.   0.0000   0.9904
  5.00    6600.   0.0000  -0.0173
  5.00    6700.   0.0000   0.9772
  5.00    6700.   0.0000  -0.0185
  5.00    6800.   0.0000   0.9694
  5.00    6800.   0.0000  -0.0198
  5.00    6900.   0.0000   0.9653
  5.00    6900.   0.0000  -0.0224
  5.00    7000.   0.0000   0.9510
  5.00    7000.   0.0000  -0.0213
  5.00    7200.   0.0000   0.9386
  5.00    7200.   0.0000  -0.0232
  5.00    7400.   0.0000   0.9296
  5.00    7400.   0.0000  -0.0175
  5.00    7600.   0.0000   0.9139
  5.00    7600.   0.0000  -0.0269
  5.00    7800.   0.0000   0.8891
  5.00    7800.   0.0000  -0.0277
  5.00    8000.   0.0000   0.8633
  5.00    8000.   0.0000  -0.0339
  5.00    8200.   0.0000   0.8386
  5.00    8200.   0.0000  -0.0351
  5.00    8400.   0.0000   0.8115
  5.00    8400.   0.0000  -0.0336
  5.00    8600.   0.0000   0.7783
  5.00    8600.   0.0000  -0.0217
  5.00    8800.   0.0000   0.7376
  5.00    8800.   0.0000  -0.0187
  5.00    9000.   0.0000   0.6845
  5.00    9000.   0.0000  -0.0155
  5.00    9200.   0.0000   0.6340
  5.00    9200.   0.0000  -0.0141
  5.00    9400.   0.0000   0.6152
  5.00    9400.   0.0000  -0.0131
  5.00    9600.   0.0000   0.6086
  5.00    9600.   0.0000  -0.0140
  5.00    9800.   0.0000   0.5931
  5.00    9800.   0.0000  -0.0129
  5.00   10000.   0.0000   0.5797
  5.00   10000.   0.0000  -0.0126
  5.00   10200.   0.0000   0.5672
  5.00   10200.   0.0000  -0.0123
  5.00   10400.   0.0000   0.5569
  5.00   10400.   0.0000  -0.0122
  5.00   10600.   0.0000   0.5478
  5.00   10600.   0.0000  -0.0122
  5.00   10800.   0.0000   0.5396
  5.00   10800.   0.0000  -0.0122
  5.00   11000.   0.0000   0.5314
  5.00   11000.   0.0000  -0.0123
  5.00   11200.   0.0000   0.5194
  5.00   11200.   0.0000  -0.0124
  5.00   11400.   0.0000   0.4511
  5.00   11400.   0.0000  -0.0112
  5.00   11600.   0.0000   0.4484
  5.00   11600.   0.0000  -0.0125
  5.00   11800.   0.0000   0.5042
  5.00   11800.   0.0000  -0.0113
  5.00   12000.   0.0000   0.4962
  5.00   12000.   0.0000  -0.0114
  5.50    2300.   0.0000   1.3349
  5.50    2300.   0.0000   0.1213
  5.50    2400.   0.0000   0.9150
  5.50    2400.   0.0000   0.1169
  5.50    2500.   0.0000   0.8077
  5.50    2500.   0.0000   0.1575
  5.50    2600.   0.0000   1.3543
  5.50    2600.   0.0000   0.0538
  5.50    2700.   0.0000   1.9394
  5.50    2700.   0.0000   0.0178
  5.50    2900.   0.0000   2.0498
  5.50    2900.   0.0000  -0.0079
  5.50    3100.   0.0000   2.0590
  5.50    3100.   0.0000  -0.0010
  5.50    3200.   0.0000   1.9604
  5.50    3200.   0.0000   0.0035
  5.50    3300.   0.0000   1.8675
  5.50    3300.   0.0000   0.0058
  5.50    3400.   0.0000   1.7610
  5.50    3400.   0.0000   0.0081
  5.50    3500.   0.0000   1.6919
  5.50    3500.   0.0000   0.0052
  5.50    3600.   0.0000   1.6483
  5.50    3600.   0.0000   0.0044
  5.50    3700.   0.0000   1.6133
  5.50    3700.   0.0000   0.0030
  5.50    3800.   0.0000   1.5749
  5.50    3800.   0.0000   0.0011
  5.50    3900.   0.0000   1.5498
  5.50    3900.   0.0000  -0.0005
  5.50    4000.   0.0000   1.5365
  5.50    4000.   0.0000  -0.0023
  5.50    4100.   0.0000   1.5338
  5.50    4100.   0.0000  -0.0052
  5.50    4200.   0.0000   1.5553
  5.50    4200.   0.0000  -0.0076
  5.50    4300.   0.0000   1.5628
  5.50    4300.   0.0000  -0.0139
  5.50    4400.   0.0000   1.5847
  5.50    4400.   0.0000  -0.0173
  5.50    4500.   0.0000   1.5914
  5.50    4500.   0.0000  -0.0207
  5.50    4600.   0.0000   1.5653
  5.50    4600.   0.0000  -0.0210
  5.50    4700.   0.0000   1.5319
  5.50    4700.   0.0000  -0.0179
  5.50    4800.   0.0000   1.4553
  5.50    4800.   0.0000  -0.0149
  5.50    4900.   0.0000   1.3313
  5.50    4900.   0.0000  -0.0114
  5.50    5100.   0.0000   1.2856
  5.50    5100.   0.0000  -0.0074
  5.50    5200.   0.0000   1.2403
  5.50    5200.   0.0000  -0.0073
  5.50    5300.   0.0000   1.1865
  5.50    5300.   0.0000  -0.0066
  5.50    5400.   0.0000   1.1465
  5.50    5400.   0.0000  -0.0062
  5.50    5500.   0.0000   1.1506
  5.50    5500.   0.0000  -0.0063
  5.50    5600.   0.0000   1.1463
  5.50    5600.   0.0000  -0.0034
  5.50    5700.   0.0000   1.1002
  5.50    5700.   0.0000  -0.0034
  5.50    5800.   0.0000   0.9621
  5.50    5800.   0.0000  -0.0035
  5.50    5900.   0.0000   1.0594
  5.50    5900.   0.0000  -0.0041
  5.50    6000.   0.0000   1.1641
  5.50    6000.   0.0000  -0.0117
  5.50    6100.   0.0000   1.0210
  5.50    6100.   0.0000  -0.0089
  5.50    6200.   0.0000   0.8691
  5.50    6200.   0.0000  -0.0121
  5.50    6300.   0.0000   0.9394
  5.50    6300.   0.0000  -0.0171
  5.50    6400.   0.0000   0.9984
  5.50    6400.   0.0000  -0.0177
  5.50    6500.   0.0000   0.9718
  5.50    6500.   0.0000  -0.0193
  5.50    6600.   0.0000   1.0296
  5.50    6600.   0.0000  -0.0201
  5.50    6700.   0.0000   0.9495
  5.50    6700.   0.0000  -0.0209
  5.50    6800.   0.0000   0.9058
  5.50    6800.   0.0000  -0.0217
  5.50    6900.   0.0000   0.9358
  5.50    6900.   0.0000  -0.0226
  5.50    7000.   0.0000   0.9512
  5.50    7000.   0.0000  -0.0237
  5.50    7200.   0.0000   0.9169
  5.50    7200.   0.0000  -0.0251
  5.50    7400.   0.0000   0.9070
  5.50    7400.   0.0000  -0.0271
  5.50    7600.   0.0000   0.8974
  5.50    7600.   0.0000  -0.0289
  5.50    7800.   0.0000   0.8188
  5.50    7800.   0.0000  -0.0302
  5.50    8000.   0.0000   0.7792
  5.50    8000.   0.0000  -0.0302
  5.50    8200.   0.0000   0.8426
  5.50    8200.   0.0000  -0.0305
  5.50    8400.   0.0000   0.9721
  5.50    8400.   0.0000  -0.0301
  5.50    8600.   0.0000   0.9294
  5.50    8600.   0.0000  -0.0288
  5.50    8800.   0.0000   0.7564
  5.50    8800.   0.0000  -0.0268
  5.50    9000.   0.0000   0.7098
  5.50    9000.   0.0000  -0.0235
  5.50    9200.   0.0000   0.6698
  5.50    9200.   0.0000  -0.0189
  5.50    9400.   0.0000   0.6359
  5.50    9400.   0.0000  -0.0191
  5.50    9600.   0.0000   0.6020
  5.50    9600.   0.0000  -0.0137
  5.50    9800.   0.0000   0.5885
  5.50    9800.   0.0000  -0.0134
  5.50   10000.   0.0000   0.5848
  5.50   10000.   0.0000  -0.0127
  5.50   10200.   0.0000   0.5721
  5.50   10200.   0.0000  -0.0127
  5.50   10400.   0.0000   0.5589
  5.50   10400.   0.0000  -0.0133
  5.50   10600.   0.0000   0.5481
  5.50   10600.   0.0000  -0.0132
  5.50   10800.   0.0000   0.5390
  5.50   10800.   0.0000  -0.0132
  5.50   11000.   0.0000   0.5299
  5.50   11000.   0.0000  -0.0133
  5.50   11200.   0.0000   0.5430
  5.50   11200.   0.0000  -0.0113
  5.50   11400.   0.0000   0.5151
  5.50   11400.   0.0000  -0.0112
  5.50   11600.   0.0000   0.5072
  5.50   11600.   0.0000  -0.0076
  5.50   11800.   0.0000   0.5220
  5.50   11800.   0.0000  -0.0078
  5.50   12000.   0.0000   0.4725
  5.50   12000.   0.0000  -0.0080
  6.00    2300.   0.0000   1.2670
  6.00    2300.   0.0000   0.0688
  6.00    2400.   0.0000   1.1414
  6.00    2400.   0.0000   0.0976
  6.00    2500.   0.0000   0.6556
  6.00    2500.   0.0000   0.1638
  6.00    2600.   0.0000   0.8540
  6.00    2600.   0.0000   0.0759
  6.00    2700.   0.0000   1.7378
  6.00    2700.   0.0000   0.0361
  6.00    2900.   0.0000   1.9786
  6.00    2900.   0.0000  -0.0154
  6.00    3100.   0.0000   2.0864
  6.00    3100.   0.0000  -0.0135
  6.00    3200.   0.0000   1.9944
  6.00    3200.   0.0000  -0.0080
  6.00    3300.   0.0000   1.8962
  6.00    3300.   0.0000  -0.0055
  6.00    3400.   0.0000   1.7625
  6.00    3400.   0.0000  -0.0007
  6.00    3500.   0.0000   1.6885
  6.00    3500.   0.0000  -0.0043
  6.00    3600.   0.0000   1.6613
  6.00    3600.   0.0000   0.0018
  6.00    3700.   0.0000   1.6018
  6.00    3700.   0.0000   0.0029
  6.00    3800.   0.0000   1.5595
  6.00    3800.   0.0000   0.0007
  6.00    3900.   0.0000   1.5342
  6.00    3900.   0.0000   0.0008
  6.00    4000.   0.0000   1.5199
  6.00    4000.   0.0000  -0.0015
  6.00    4100.   0.0000   1.5103
  6.00    4100.   0.0000  -0.0003
  6.00    4200.   0.0000   1.5016
  6.00    4200.   0.0000  -0.0042
  6.00    4300.   0.0000   1.5196
  6.00    4300.   0.0000  -0.0094
  6.00    4400.   0.0000   1.5301
  6.00    4400.   0.0000  -0.0084
  6.00    4500.   0.0000   1.5388
  6.00    4500.   0.0000  -0.0198
  6.00    4600.   0.0000   1.5595
  6.00    4600.   0.0000  -0.0209
  6.00    4700.   0.0000   1.5461
  6.00    4700.   0.0000  -0.0244
  6.00    4800.   0.0000   1.5034
  6.00    4800.   0.0000  -0.0227
  6.00    4900.   0.0000   1.3582
  6.00    4900.   0.0000  -0.0169
  6.00    5100.   0.0000   1.2933
  6.00    5100.   0.0000  -0.0189
  6.00    5200.   0.0000   1.2876
  6.00    5200.   0.0000  -0.0179
  6.00    5300.   0.0000   1.2502
  6.00    5300.   0.0000  -0.0071
  6.00    5400.   0.0000   1.1942
  6.00    5400.   0.0000  -0.0022
  6.00    5500.   0.0000   1.1619
  6.00    5500.   0.0000   0.0049
  6.00    5600.   0.0000   1.1316
  6.00    5600.   0.0000  -0.0022
  6.00    5700.   0.0000   1.1033
  6.00    5700.   0.0000  -0.0017
  6.00    5800.   0.0000   1.0793
  6.00    5800.   0.0000  -0.0014
  6.00    5900.   0.0000   0.9349
  6.00    5900.   0.0000   0.0271
  6.00    6000.   0.0000   0.8892
  6.00    6000.   0.0000  -0.0226
  6.00    6100.   0.0000   0.9595
  6.00    6100.   0.0000  -0.0317
  6.00    6200.   0.0000   0.9694
  6.00    6200.   0.0000  -0.0361
  6.00    6300.   0.0000   0.9931
  6.00    6300.   0.0000  -0.0009
  6.00    6400.   0.0000   0.9626
  6.00    6400.   0.0000  -0.0188
  6.00    6500.   0.0000   0.9556
  6.00    6500.   0.0000  -0.0065
  6.00    6600.   0.0000   0.9607
  6.00    6600.   0.0000  -0.0199
  6.00    6700.   0.0000   0.9449
  6.00    6700.   0.0000  -0.0194
  6.00    6800.   0.0000   0.9346
  6.00    6800.   0.0000  -0.0192
  6.00    6900.   0.0000   0.9267
  6.00    6900.   0.0000  -0.0118
  6.00    7000.   0.0000   0.9174
  6.00    7000.   0.0000  -0.0191
  6.00    7200.   0.0000   0.9033
  6.00    7200.   0.0000  -0.0193
  6.00    7400.   0.0000   0.8895
  6.00    7400.   0.0000  -0.0209
  6.00    7600.   0.0000   0.8796
  6.00    7600.   0.0000  -0.0221
  6.00    7800.   0.0000   0.8741
  6.00    7800.   0.0000  -0.0243
  6.00    8000.   0.0000   0.8603
  6.00    8000.   0.0000  -0.0010
  6.00    8200.   0.0000   0.8407
  6.00    8200.   0.0000   0.0041
  6.00    8400.   0.0000   0.8315
  6.00    8400.   0.0000  -0.0019
  6.00    8600.   0.0000   0.8190
  6.00    8600.   0.0000  -0.0441
  6.00    8800.   0.0000   0.8048
  6.00    8800.   0.0000  -0.0408
  6.00    9000.   0.0000   0.7864
  6.00    9000.   0.0000  -0.0341
  6.00    9200.   0.0000   0.6924
  6.00    9200.   0.0000  -0.0250
  6.00    9400.   0.0000   0.6854
  6.00    9400.   0.0000  -0.0317
  6.00    9600.   0.0000   0.6868
  6.00    9600.   0.0000  -0.0155
  6.00    9800.   0.0000   0.6076
  6.00    9800.   0.0000  -0.0129
  6.00   10000.   0.0000   0.5901
  6.00   10000.   0.0000  -0.0111
  6.00   10200.   0.0000   0.5580
  6.00   10200.   0.0000  -0.0121
  6.00   10400.   0.0000   0.5490
  6.00   10400.   0.0000  -0.0143
  6.00   10600.   0.0000   0.5488
  6.00   10600.   0.0000  -0.0142
  6.00   10800.   0.0000   0.5387
  6.00   10800.   0.0000  -0.0142
  6.00   11000.   0.0000   0.5619
  6.00   11000.   0.0000  -0.0143
  6.00   11200.   0.0000   0.5536
  6.00   11200.   0.0000  -0.0081
  6.00   11400.   0.0000   0.5111
  6.00   11400.   0.0000  -0.0137
  6.00   11600.   0.0000   0.5040
  6.00   11600.   0.0000  -0.0127
  6.00   11800.   0.0000   0.4978
  6.00   11800.   0.0000  -0.0179
  6.00   12000.   0.0000   0.4910
  6.00   12000.   0.0000  -0.0180
